0000000000011001000111110010000000000001
0000000000001001000010000010001000000001
0000000000000010000000011010000000000001
1111111111100001000110000010001000000001
0000000000000010000000001010000000000001
0000000000010000000000001110101000000001
0000000000100000000000001111001000000001
0000000000010000000000001100000000000001
0000000000000000000000000000000000000001
1111111111110000000000010010000100000001
0000000000000000000000001010000100000001
1111111111100001000010000010001001000001
0000000000101000000000001110001000000001
0000000000100000000000001100000000000001
0000000000101111111111110010000000000001
1111111111100001000010000010001000000001
0000000000110000000000001110001000000001
0000000000110010000000100010000000000001
0000000000000000000000001110001000000001
0000000001011001000111110010000000000001
0000000001001001000010000010001000000001
0000000000000010000001001010000000000001
1111111111100001000110000010001000000001
0000000000000010000000111010000000000001
0000000001010000000000001110101000000001
0000000001100000000000001111001000000001
0000000001010000000000001100000000000001
0000000000000000000000000000000000000001
1111111111110000000000010010000100000001
0000000000000000000000001010000100000001
1111111111100001000010000010001001000001
0000000000101000000000001110001000000001
0000000001100000000000001100000000000001
0000000000101111111111110010000000000001
1111111111100001000010000010001000000001
0000000000110000000000001110001000000001
0000000000110010000001010010000000000001
0000000001000000000000001110001000000001
0000000000000000000000000000000000000001
0000000001101000000000001110100000000001
0000000000000000000000000000000000000001
0000000001110000000000001110100000000001
1111111111110010000001100010000000001001
0000000010000010000001110010000000000001
1111111111111001000111110010001000000001
0000000010001000000000001111001000000001
1111111111110001000010010011001001000001
1111111111101001000010000010000000100111
0000000001111000000000001110001000000001
0000000000000000000000000000000000000001
1111111111110010000010000010000000000001
0000000011011000000000001110001000000001
0000000000000001000010000010000000000001
0000000010100000000000001110001000000001
0000000001000001000010000010000000000001
0000000010111000000000001110001000000001
0000000001111001000010000010000000000001
0000000010101000000000001110001000000001
0000000001111001000010000010000000000001
0000000011000000000000001110001000000001
0000000001101001000010000010000000000001
0000000010110000000000001110001000000001
0000000001110001000010000010000000000001
0000000011001000000000001110001000000001
1111111111101001000010000010000000000001
0000000100110000000000001110001000000001
0000000011010001000010000010000000000001
0000000011011001000010000010001001001001
1111111111110001000010000010000000100110
0000000100110000000000001110001000000001
0000000011110001000010000010000000000001
1111111111110001000100110010001001001001
0000000011010001000010000010000000000001
0000000100010001000010000010000000100101
0000000100011000000000001110001000000001
0000000100000001000010000010000000000001
1111111111110001000100110010001001001001
0000000011010001000010000010000000000001
0000000100100001000010000010000000100101
0000000100101000000000001110001000000001
0000000100111001000010000010000000000001
0000000000000000000000000000000000000001
0000000101001000000000001111000000000001
0000000101001001000010000010000000000001
1111111111110001000100110010001001001001
0000000100110001000010000010000000000001
1111111111101001000010000010000000100101
0000000100110000000000001110001000000001
0000000011010001000010000010000000000001
0000000011011000000000001110001000100101
0000000011100001000010000010000000000001
0000000011110001000010000010001001000001
0000000101000000000000001110001000000001
0000000011110001000010000010000000000001
0000000101000001000101000010001000000001
0000000011111000000000001110001000000001
0000000100011000000000001100000000000001
0000000000000111111111111010000000000001
0000000011111000000000001100000000000001
0000000010100111111111110010000010000001
0000000010010000000000001110001000000001
0000000010111111111111110100000010000001
0000000010011000000000001110010000000001
1111111111110001000010000010000000000001
1111111111110111111111110010001001000001
0000000100001000000000001110001000000001
0000000100101000000000001100000000000001
0000000000000111111111111010000000000001
0000000100001000000000001100000000000001
0000000010100111111111110010000010000001
0000000010010001000010000010001000000001
0000000010010000000000001110001000000001
0000000010111111111111110100000010000001
0000000010011001000010000100010000000001
0000000010011000000000001110010000000001
0000000011100001000010000010000000000001
0000000100110001000010000010001001000001
0000000000000000000000000000000000000001
0000000011101000000000001111000000000001
0000000000000000000000000000000000000001
1111111111110010000010010010000000000001
0000000110011000000000001110001000000001
0000000000000001000010000010000000000001
0000000101100000000000001110001000000001
0000000001000001000010000010000000000001
0000000101111000000000001110001000000001
0000000001111001000010000010000000000001
0000000101101000000000001110001000000001
0000000001111001000010000010000000000001
0000000110000000000000001110001000000001
0000000001101001000010000010000000000001
0000000101110000000000001110001000000001
0000000001110001000010000010000000000001
0000000110001000000000001110001000000001
1111111111101001000010000010000000000001
0000000111110000000000001110001000000001
0000000110010001000010000010000000000001
0000000110011001000010000010001001001001
1111111111110001000010000010000000100110
0000000111110000000000001110001000000001
0000000110110001000010000010000000000001
1111111111110001000100110010001001001001
0000000110010001000010000010000000000001
0000000111010001000010000010000000100101
0000000111011000000000001110001000000001
0000000111000001000010000010000000000001
1111111111110001000100110010001001001001
0000000110010001000010000010000000000001
0000000111100001000010000010000000100101
0000000111101000000000001110001000000001
0000000111111001000010000010000000000001
0000000000000000000000000000000000000001
0000001000001000000000001111000000000001
0000001000001001000010000010000000000001
1111111111110001000100110010001001001001
0000000111110001000010000010000000000001
1111111111101001000010000010000000100101
0000000111110000000000001110001000000001
0000000110010001000010000010000000000001
0000000110011000000000001110001000100101
0000000110100001000010000010000000000001
0000000110110001000010000010001001000001
0000001000000000000000001110001000000001
0000000110110001000010000010000000000001
0000001000000001000101000010001000000001
0000000110111000000000001110001000000001
0000000111011000000000001100000000000001
0000000000000111111111111010000000000001
0000000110111000000000001100000000000001
0000000101100111111111110010000010000001
0000000101010000000000001110001000000001
0000000101111111111111110100000010000001
0000000101011000000000001110010000000001
1111111111110001000010000010000000000001
1111111111110111111111110010001001000001
0000000111001000000000001110001000000001
0000000111101000000000001100000000000001
0000000000000111111111111010000000000001
0000000111001000000000001100000000000001
0000000101100111111111110010000010000001
0000000101010001000010000010001000000001
0000000101010000000000001110001000000001
0000000101111111111111110100000010000001
0000000101011001000010000100010000000001
0000000101011000000000001110010000000001
0000000110100001000010000010000000000001
0000000111110001000010000010001001000001
0000000000000000000000000000000000000001
0000000110101000000000001111000000000001
0000000000000000000000000000000000000001
1111111111110010000010100010000000000001
0000001000100001000010000010001001000001
0000001001000000000000001110001000000001
0000001000110001000010000010000000000001
0000001000100001000010000011010000000001
0000001001000010000010110010001000000001
0000001000101000000000001110001000000001
0000001000101000000000001100000000000001
0000001000111000000000001111001000000001
0000000010010111111111110010000000000001
0000001000010000000000001110001000000001
0000000010011111111111110010000000000001
0000001000011000000000001110001000000001
1111111111110010000011000010000000000001
0000001001011001000010000010001001000001
0000001001111000000000001110001000000001
0000001001101001000010000010000000000001
0000001001011001000010000011010000000001
0000001001111010000011010010001000000001
0000001001100000000000001110001000000001
0000001001100000000000001100000000000001
0000001001110000000000001111001000000001
0000000101010111111111110010000000000001
0000001001001000000000001110001000000001
0000000101011111111111110010000000000001
0000001001010000000000001110001000000001
0000001000010010000011100010000000000001
0000001010000000000000001110001000000001
0000001000011010000011110010000000000001
0000001010001000000000001110001000000001
0000001001001010000100000010000000000001
0000001010010000000000001110001000000001
0000001001010010000100010010000000000001
0000001010011000000000001110001000000001
0000001010000001000010000010000000000001
0000001011101000000000001110001000000001
0000001010100010000110110010000000000001
0000001010101010000110100010001000000001
0000001010110010000110010010001000000001
0000001010111010000110000010001000000001
0000001011000010000101110010001000000001
0000001011001010000101100010001000000001
0000001011010010000101010010001000000001
0000001011011010000101000010001000000001
0000001011100010000100110010001000000001
0000001011101010000100100010001000000001
0000001011110000000000001110001000000001
0000001010001001000010000010000000000001
0000001101000000000000001110001000000001
0000001011111010001001010010000000000001
0000001100000010001001000010001000000001
0000001100001010001000110010001000000001
0000001100010010001000100010001000000001
0000001100011010001000010010001000000001
0000001100100010001000000010001000000001
0000001100101010000111110010001000000001
0000001100110010000111100010001000000001
0000001100111010000111010010001000000001
0000001101000010000111000010001000000001
0000001101001000000000001110001000000001
0000001010010001000010000010000000000001
0000001110011000000000001110001000000001
0000001101010010001011110010000000000001
0000001101011010001011100010001000000001
0000001101100010001011010010001000000001
0000001101101010001011000010001000000001
0000001101110010001010110010001000000001
0000001101111010001010100010001000000001
0000001110000010001010010010001000000001
0000001110001010001010000010001000000001
0000001110010010001001110010001000000001
0000001110011010001001100010001000000001
0000001110100000000000001110001000000001
0000001010011001000010000010000000000001
0000001111110000000000001110001000000001
0000001110101010001110010010000000000001
0000001110110010001110000010001000000001
0000001110111010001101110010001000000001
0000001111000010001101100010001000000001
0000001111001010001101010010001000000001
0000001111010010001101000010001000000001
0000001111011010001100110010001000000001
0000001111100010001100100010001000000001
0000001111101010001100010010001000000001
0000001111110010001100000010001000000001
0000001111111000000000001110001000000001
0000001111111010001110100010000000000001
0000010000000000000000001110001000000001
0000000000000000000000000000000000000001
0000001110100010001110110010000000000001
0000010000001000000000001110001000000001
0000000000000000000000000000000000000001
0000001101001010001111000010000000000001
0000010000010000000000001110001000000001
0000000000000000000000000000000000000001
0000001011110010001111010010000000000001
0000010000011000000000001110001000000001
0000000000000000000000000000000000000001
0000010000011010001111100010000000000001
0000010000100000000000001110001000000001
0000010000010010001111110010000000000001
0000010000101000000000001110001000000001
0000010000011010010000000010000000000001
0000010000110000000000001110001000000001
0000010000011010010000010010000000000001
0000010000111000000000001110001000000001
0000010000011010010000100010000000000001
0000010001000000000000001110001000000001
0000010000010010010000110010000000000001
0000010001001000000000001110001000000001
0000010000010010010001000010000000000001
0000010001010000000000001110001000000001
0000010000010010010001010010000000000001
0000010001011000000000001110001000000001
0000010000001010010001100010000000000001
0000010001100000000000001110001000000001
0000010000000010010001110010000000000001
0000010001101000000000001110001000000001
0000010000001010010010000010000000000001
0000010001110000000000001110001000000001
0000010000000010010010010010000000000001
0000010001111000000000001110001000000001
0000010000001010010010100010000000000001
0000010010000000000000001110001000000001
0000010000000010010010110010000000000001
0000010010001000000000001110001000000001
0000010000001010010011000010000000000001
0000010010010000000000001110001000000001
0000010000000010010011010010000000000001
0000010010011000000000001110001000000001
0000010000100010010011100010000000000001
0000010000101010010011100010001000000001
0000010001100010010011100010001000000001
0000010001101010010011100010001000000001
0000000000000000000000000000000000000001
0000010010100000000000001110001000000001
0000010000110010010011110010000000000001
0000010001001010010011110010001000000001
0000010001110010010011110010001000000001
0000010001111010010011110010001000000001
0000000000000000000000000000000000000001
0000010010101000000000001110001000000001
0000010000111010010100000010000000000001
0000010001010010010100000010001000000001
0000010010000010010100000010001000000001
0000010010001010010100000010001000000001
0000000000000000000000000000000000000001
0000010010110000000000001110001000000001
0000010001000010010100010010000000000001
0000010001011010010100010010001000000001
0000010010010010010100010010001000000001
0000010010011010010100010010001000000001
0000000000000000000000000000000000000001
0000010010111000000000001110001000000001
0000010010100001000010000010000000000001
0000010100001000000000001110001000000001
0000010011000010010110110010000000000001
0000010011001010010110100010001000000001
0000010011010010010110010010001000000001
0000010011011010010110000010001000000001
0000010011100010010101110010001000000001
0000010011101010010101100010001000000001
0000010011110010010101010010001000000001
0000010011111010010101000010001000000001
0000010100000010010100110010001000000001
0000010100001010010100100010001000000001
0000010100010000000000001110001000000001
0000010010101001000010000010000000000001
0000010101100000000000001110001000000001
0000010100011010011001010010000000000001
0000010100100010011001000010001000000001
0000010100101010011000110010001000000001
0000010100110010011000100010001000000001
0000010100111010011000010010001000000001
0000010101000010011000000010001000000001
0000010101001010010111110010001000000001
0000010101010010010111100010001000000001
0000010101011010010111010010001000000001
0000010101100010010111000010001000000001
0000010101101000000000001110001000000001
0000010010110001000010000010000000000001
0000010110111000000000001110001000000001
0000010101110010011011110010000000000001
0000010101111010011011100010001000000001
0000010110000010011011010010001000000001
0000010110001010011011000010001000000001
0000010110010010011010110010001000000001
0000010110011010011010100010001000000001
0000010110100010011010010010001000000001
0000010110101010011010000010001000000001
0000010110110010011001110010001000000001
0000010110111010011001100010001000000001
0000010111000000000000001110001000000001
0000010010111001000010000010000000000001
0000011000010000000000001110001000000001
0000010111001010011110010010000000000001
0000010111010010011110000010001000000001
0000010111011010011101110010001000000001
0000010111100010011101100010001000000001
0000010111101010011101010010001000000001
0000010111110010011101000010001000000001
0000010111111010011100110010001000000001
0000011000000010011100100010001000000001
0000011000001010011100010010001000000001
0000011000010010011100000010001000000001
0000011000011000000000001110001000000001
0000000000000010011110101010000000000001
0000011000101001000010000010000000000001
0000011000100000000000001110001000000001
0000010100010001000010000010000000000001
0000011000101000000000001110001010000001
0000000000000010011110111010000000000001
0000011001000001000010000010000000000001
0000011000111000000000001110001000000001
0000010101101001000010000010000000000001
0000011001000000000000001110001010000001
0000000000000010011111001010000000000001
0000011001011001000010000010000000000001
0000011001010000000000001110001000000001
0000010111000001000010000010000000000001
0000011001011000000000001110001010000001
0000000000000010011111011010000000000001
0000011001110001000010000010000000000001
0000011001101000000000001110001000000001
0000011000011001000010000010000000000001
0000011001110000000000001110001010000001
0000011000100010011111100010000000000001
0000011010000000000000001110001000000001
0000000000000000000000000000000000000001
0000011000111010011111110010000000000001
0000011010001000000000001110001000000001
0000000000000000000000000000000000000001
0000011001010010100000000010000000000001
0000011010010000000000001110001000000001
0000000000000000000000000000000000000001
0000011001101010100000010010000000000001
0000011010011000000000001110001000000001
0000000000000000000000000000000000000001
1111111111110010100000100010000000000001
0000011010110001000010000010001001000001
0000011011010000000000001110001000000001
0000011011000001000010000010000000000001
0000011010110001000010000011010000000001
0000011011010010100000110010001000000001
0000011010111000000000001110001000000001
0000011010111000000000001100000000000001
0000011011001000000000001111001000000001
0000011010000111111111110010000000000001
0000011010100000000000001110001000000001
0000011010001111111111110010000000000001
0000011010101000000000001110001000000001
1111111111110010100001000010000000000001
0000011011101001000010000010001001000001
0000011100001000000000001110001000000001
0000011011111001000010000010000000000001
0000011011101001000010000011010000000001
0000011100001010100001010010001000000001
0000011011110000000000001110001000000001
0000011011110000000000001100000000000001
0000011100000000000000001111001000000001
0000011010010111111111110010000000000001
0000011011011000000000001110001000000001
0000011010011111111111110010000000000001
0000011011100000000000001110001000000001
1111111111110010101100010100000000000001
0000011010100000000000001100000000000001
0000011010100111111111110010000000000001
0000000000000000000000000000000000000001
0000011101110000000000001110001000000001
0000011101111000000000001111001000000001
0000011010100001000011000010000000000001
0000011110011000000000001110001000000001
0000011110011000000000001100000000000001
0000011110011111111111110010000000000001
0000011110011000000000001110001000000001
0000011110100001000010000010000000000001
0000011110100010101011100010001001000001
0000011110011010101011100010001000001001
0000011110101000000000001110001000000001
0000011100101001000010000010000000000001
0000011100101010101011100010001001000001
0000011101111010101011100010001000000001
0000011100011001000010000011010000000001
0000011100011010101011100010001001000001
0000011101110010101011100010001000000001
0000011100100000000000001110001000000001
1111111111101001000010000100001000000001
0000011100110000000000001111001000000001
0000011110101001000010000010000000000001
1111111111101001000010001000001000000001
1111111111101001000010001000010000100011
1111111111110001000010100010000000000001
0000000000000000000000000000000000000001
0000011110110000000000001111011000000001
0000011110110001000010000010001000000001
0000011110000000000000001110001000000001
0000000000000000000000000000000000000001
0000011110000000000000001111011000100011
0000011101001001000010000010000000001001
0000011101010000000000001110001000000001
0000011100111001000010000010000000000001
1111111111110010101100000010001001100111
0000011101000000000000001110001000000001
0000011110000001000010000010001001001001
0000011110000001000010000010000000000001
0000011101000000000000001110001000100111
1111111111110010101011110010000000000001
0000011101010000000000001110001000100111
0000000000000000000000000000000000000001
0000011101010001000010000010000000001001
1111111111111001000010000010001001000001
0000011101010000000000001110001000100110
0000011101000001000110100010000000000001
0000000000000000000000000000000000000001
0000011110001000000000001110001000000001
0000011110010000000000001111001000000001
0000011110001000000000001100000000000001
0000000000000000000000000000000000000001
0000000000000010100001111010000100000001
1111111111100001000010000010000000000001
0000000000000010100001101010000100000001
1111111111100001000010000010001001000001
0000011101011000000000001110001000000001
0000011110010000000000001100000000000001
0000011101011111111111110010000000000001
1111111111100001000010000010001000000001
0000011101101000000000001110001000000001
0000011101101000000000001100000000000001
0000011010100111111111110010000000000001
0000011100010000000000001110001000000001
1111111111110010110111010100000000000001
0000011010101000000000001100000000000001
0000011010101111111111110010000000000001
0000000000000000000000000000000000000001
0000100000011000000000001110001000000001
0000100000100000000000001111001000000001
0000011010101001000011000010000000000001
0000100001000000000000001110001000000001
0000100001000000000000001100000000000001
0000100001000111111111110010000000000001
0000100001000000000000001110001000000001
0000100001001001000010000010000000000001
0000100001001010110110100010001001000001
0000100001000010110110100010001000001001
0000100001010000000000001110001000000001
0000011111010001000010000010000000000001
0000011111010010110110100010001001000001
0000100000100010110110100010001000000001
0000011111000001000010000011010000000001
0000011111000010110110100010001001000001
0000100000011010110110100010001000000001
0000011111001000000000001110001000000001
1111111111101001000010000100001000000001
0000011111011000000000001111001000000001
0000100001010001000010000010000000000001
1111111111101001000010001000001000000001
1111111111101001000010001000010000100011
1111111111110001000010100010000000000001
0000000000000000000000000000000000000001
0000100001011000000000001111011000000001
0000100001011001000010000010001000000001
0000100000101000000000001110001000000001
0000000000000000000000000000000000000001
0000100000101000000000001111011000100011
0000011111110001000010000010000000001001
0000011111111000000000001110001000000001
0000011111100001000010000010000000000001
1111111111110010110111000010001001100111
0000011111101000000000001110001000000001
0000100000101001000010000010001001001001
0000100000101001000010000010000000000001
0000011111101000000000001110001000100111
1111111111110010110110110010000000000001
0000011111111000000000001110001000100111
0000000000000000000000000000000000000001
0000011111111001000010000010000000001001
1111111111111001000010000010001001000001
0000011111111000000000001110001000100110
0000011111101001000110100010000000000001
0000000000000000000000000000000000000001
0000100000110000000000001110001000000001
0000100000111000000000001111001000000001
0000100000110000000000001100000000000001
0000000000000000000000000000000000000001
0000000000000010101100111010000100000001
1111111111100001000010000010000000000001
0000000000000010101100101010000100000001
1111111111100001000010000010001001000001
0000100000000000000000001110001000000001
0000100000111000000000001100000000000001
0000100000000111111111110010000000000001
1111111111100001000010000010001000000001
0000100000010000000000001110001000000001
0000100000010000000000001100000000000001
0000011010101111111111110010000000000001
0000011110111000000000001110001000000001
1111111111110011000010010100000000000001
0000011011100000000000001100000000000001
0000011011100111111111110010000000000001
0000000000000000000000000000000000000001
0000100011000000000000001110001000000001
0000100011001000000000001111001000000001
0000011011100001000011000010000000000001
0000100011101000000000001110001000000001
0000100011101000000000001100000000000001
0000100011101111111111110010000000000001
0000100011101000000000001110001000000001
0000100011110001000010000010000000000001
0000100011110011000001100010001001000001
0000100011101011000001100010001000001001
0000100011111000000000001110001000000001
0000100001111001000010000010000000000001
0000100001111011000001100010001001000001
0000100011001011000001100010001000000001
0000100001101001000010000011010000000001
0000100001101011000001100010001001000001
0000100011000011000001100010001000000001
0000100001110000000000001110001000000001
1111111111101001000010000100001000000001
0000100010000000000000001111001000000001
0000100011111001000010000010000000000001
1111111111101001000010001000001000000001
1111111111101001000010001000010000100011
1111111111110001000010100010000000000001
0000000000000000000000000000000000000001
0000100100000000000000001111011000000001
0000100100000001000010000010001000000001
0000100011010000000000001110001000000001
0000000000000000000000000000000000000001
0000100011010000000000001111011000100011
0000100010011001000010000010000000001001
0000100010100000000000001110001000000001
0000100010001001000010000010000000000001
1111111111110011000010000010001001100111
0000100010010000000000001110001000000001
0000100011010001000010000010001001001001
0000100011010001000010000010000000000001
0000100010010000000000001110001000100111
1111111111110011000001110010000000000001
0000100010100000000000001110001000100111
0000000000000000000000000000000000000001
0000100010100001000010000010000000001001
1111111111111001000010000010001001000001
0000100010100000000000001110001000100110
0000100010010001000110100010000000000001
0000000000000000000000000000000000000001
0000100011011000000000001110001000000001
0000100011100000000000001111001000000001
0000100011011000000000001100000000000001
0000000000000000000000000000000000000001
0000000000000010110111111010000100000001
1111111111100001000010000010000000000001
0000000000000010110111101010000100000001
1111111111100001000010000010001001000001
0000100010101000000000001110001000000001
0000100011100000000000001100000000000001
0000100010101111111111110010000000000001
1111111111100001000010000010001000000001
0000100010111000000000001110001000000001
0000100010111000000000001100000000000001
0000011011100111111111110010000000000001
0000100001100000000000001110001000000001
1111111111110011001101010100000000000001
0000011011011000000000001100000000000001
0000011011011111111111110010000000000001
0000000000000000000000000000000000000001
0000100101101000000000001110001000000001
0000100101110000000000001111001000000001
0000011011011001000011000010000000000001
0000100110010000000000001110001000000001
0000100110010000000000001100000000000001
0000100110010111111111110010000000000001
0000100110010000000000001110001000000001
0000100110011001000010000010000000000001
0000100110011011001100100010001001000001
0000100110010011001100100010001000001001
0000100110100000000000001110001000000001
0000100100100001000010000010000000000001
0000100100100011001100100010001001000001
0000100101110011001100100010001000000001
0000100100010001000010000011010000000001
0000100100010011001100100010001001000001
0000100101101011001100100010001000000001
0000100100011000000000001110001000000001
1111111111101001000010000100001000000001
0000100100101000000000001111001000000001
0000100110100001000010000010000000000001
1111111111101001000010001000001000000001
1111111111101001000010001000010000100011
1111111111110001000010100010000000000001
0000000000000000000000000000000000000001
0000100110101000000000001111011000000001
0000100110101001000010000010001000000001
0000100101111000000000001110001000000001
0000000000000000000000000000000000000001
0000100101111000000000001111011000100011
0000100101000001000010000010000000001001
0000100101001000000000001110001000000001
0000100100110001000010000010000000000001
1111111111110011001101000010001001100111
0000100100111000000000001110001000000001
0000100101111001000010000010001001001001
0000100101111001000010000010000000000001
0000100100111000000000001110001000100111
1111111111110011001100110010000000000001
0000100101001000000000001110001000100111
0000000000000000000000000000000000000001
0000100101001001000010000010000000001001
1111111111111001000010000010001001000001
0000100101001000000000001110001000100110
0000100100111001000110100010000000000001
0000000000000000000000000000000000000001
0000100110000000000000001110001000000001
0000100110001000000000001111001000000001
0000100110000000000000001100000000000001
0000000000000000000000000000000000000001
0000000000000011000010111010000100000001
1111111111100001000010000010000000000001
0000000000000011000010101010000100000001
1111111111100001000010000010001001000001
0000100101010000000000001110001000000001
0000100110001000000000001100000000000001
0000100101010111111111110010000000000001
1111111111100001000010000010001000000001
0000100101100000000000001110001000000001
0000100101100000000000001100000000000001
0000011011011111111111110010000000000001
0000100100001000000000001110001000000001
0000011100010011001101100010000000000001
0000100110110000000000001110001000000001
0000011110111011001101110010000000000001
0000100110111000000000001110001000000001
0000100100001011001110000010000000000001
0000100111000000000000001110001000000001
0000100001100011001110010010000000000001
0000100111001000000000001110001000000001
0000100110110001000010000010000000000001
1111111101101000000000000000001000000001
0000100110111001000010000010000000000001
1111111101110000000000000000001000000001
0000100111000001000010000010000000000001
1111111101111000000000000000001000000001
0000100111001001000010000010000000000001
1111111110000000000000000000001000000001
0000000000000000000000000000000000000001
0000000000000000000000000000000000000001
0000000000000000000000000000000000000001
0000000000000000000000000000000000000001
0000000000000000000000000000000000000001
0000000000000000000000000000000000000001
0000000000000000000000000000000000000001
0000000000000000000000000000000000000001
0000000000000000000000000000000000000001
0000000000000000000000000000000000000001
0000000000000000000000000000000000000001
0000000000000000000000000000000000000001
0000000000000000000000000000000000000001
0000000000000000000000000000000000000001
0000000000000000000000000000000000000001
0000000000000000000000000000000000000001
0000000000000000000000000000000000000001
0000000000000000000000000000000000000001
0000000000000000000000000000000000000001
0000000000000000000000000000000000000001
0000000000000000000000000000000000000001
0000000000000000000000000000000000000001
0000000000000000000000000000000000000001
0000000000000000000000000000000000000001
0000000000000000000000000000000000000001
0000000000000000000000000000000000000001
0000000000000000000000000000000000000001
0000000000000000000000000000000000000001
0000000000000000000000000000000000000001
0000000000000000000000000000000000000001
0000000000000000000000000000000000000001
0000000000000000000000000000000000000001
0000000000000000000000000000000000000001
0000000000000000000000000000000000000001
0000000000000000000000000000000000000001
0000000000000000000000000000000000000001
0000000000000000000000000000000000000001
0000000000000000000000000000000000000001
0000000000000000000000000000000000000001
0000000000000000000000000000000000000001
0000000000000000000000000000000000000001
0000000000000000000000000000000000000001
0000000000000000000000000000000000000001
0000000000000000000000000000000000000001
0000000000000000000000000000000000000001
0000000000000000000000000000000000000001
0000000000000000000000000000000000000001
0000000000000000000000000000000000000001
0000000000000000000000000000000000000001
0000000000000000000000000000000000000001
0000000000000000000000000000000000000001
0000000000000000000000000000000000000001
0000000000000000000000000000000000000001
0000000000000000000000000000000000000001
0000000000000000000000000000000000000001
0000000000000000000000000000000000000001
0000000000000000000000000000000000000001
0000000000000000000000000000000000000001
0000000000000000000000000000000000000001
0000000000000000000000000000000000000001
0000000000000000000000000000000000000001
0000000000000000000000000000000000000001
0000000000000000000000000000000000000001
0000000000000000000000000000000000000001
0000000000000000000000000000000000000001
0000000000000000000000000000000000000001
0000000000000000000000000000000000000001
0000000000000000000000000000000000000001
0000000000000000000000000000000000000001
0000000000000000000000000000000000000001
0000000000000000000000000000000000000001
0000000000000000000000000000000000000001
0000000000000000000000000000000000000001
0000000000000000000000000000000000000001
0000000000000000000000000000000000000001
0000000000000000000000000000000000000001
0000000000000000000000000000000000000001
0000000000000000000000000000000000000001
0000000000000000000000000000000000000001
0000000000000000000000000000000000000001
0000000000000000000000000000000000000001
0000000000000000000000000000000000000001
0000000000000000000000000000000000000001
0000000000000000000000000000000000000001
0000000000000000000000000000000000000001
0000000000000000000000000000000000000001
0000000000000000000000000000000000000001
0000000000000000000000000000000000000001
0000000000000000000000000000000000000001
0000000000000000000000000000000000000001
0000000000000000000000000000000000000001
0000000000000000000000000000000000000001
0000000000000000000000000000000000000001
0000000000000000000000000000000000000001
0000000000000000000000000000000000000001
0000000000000000000000000000000000000001
0000000000000000000000000000000000000001
0000000000000000000000000000000000000001
0000000000000000000000000000000000000001
0000000000000000000000000000000000000001
0000000000000000000000000000000000000001
0000000000000000000000000000000000000001
0000000000000000000000000000000000000001
0000000000000000000000000000000000000001
0000000000000000000000000000000000000001
0000000000000000000000000000000000000001
0000000000000000000000000000000000000001
0000000000000000000000000000000000000001
0000000000000000000000000000000000000001
0000000000000000000000000000000000000001
0000000000000000000000000000000000000001
0000000000000000000000000000000000000001
0000000000000000000000000000000000000001
0000000000000000000000000000000000000001
0000000000000000000000000000000000000001
0000000000000000000000000000000000000001
0000000000000000000000000000000000000001
0000000000000000000000000000000000000001
0000000000000000000000000000000000000001
0000000000000000000000000000000000000001
0000000000000000000000000000000000000001
0000000000000000000000000000000000000001
0000000000000000000000000000000000000001
0000000000000000000000000000000000000001
0000000000000000000000000000000000000001
0000000000000000000000000000000000000001
0000000000000000000000000000000000000001
0000000000000000000000000000000000000001
0000000000000000000000000000000000000001
0000000000000000000000000000000000000001
0000000000000000000000000000000000000001
0000000000000000000000000000000000000001
0000000000000000000000000000000000000001
0000000000000000000000000000000000000001
0000000000000000000000000000000000000001
0000000000000000000000000000000000000001
0000000000000000000000000000000000000001
0000000000000000000000000000000000000001
0000000000000000000000000000000000000001
0000000000000000000000000000000000000001
0000000000000000000000000000000000000001
0000000000000000000000000000000000000001
0000000000000000000000000000000000000001
0000000000000000000000000000000000000001
0000000000000000000000000000000000000001
0000000000000000000000000000000000000001
0000000000000000000000000000000000000001
0000000000000000000000000000000000000001
0000000000000000000000000000000000000001
0000000000000000000000000000000000000001
0000000000000000000000000000000000000001
0000000000000000000000000000000000000001
0000000000000000000000000000000000000001
0000000000000000000000000000000000000001
0000000000000000000000000000000000000001
0000000000000000000000000000000000000001
0000000000000000000000000000000000000001
0000000000000000000000000000000000000001
0000000000000000000000000000000000000001
0000000000000000000000000000000000000001
0000000000000000000000000000000000000001
0000000000000000000000000000000000000001
0000000000000000000000000000000000000001
0000000000000000000000000000000000000001
0000000000000000000000000000000000000001
0000000000000000000000000000000000000001
0000000000000000000000000000000000000001
0000000000000000000000000000000000000001
0000000000000000000000000000000000000001
0000000000000000000000000000000000000001
0000000000000000000000000000000000000001
0000000000000000000000000000000000000001
0000000000000000000000000000000000000001
0000000000000000000000000000000000000001
0000000000000000000000000000000000000001
0000000000000000000000000000000000000001
0000000000000000000000000000000000000001
0000000000000000000000000000000000000001
0000000000000000000000000000000000000001
0000000000000000000000000000000000000001
0000000000000000000000000000000000000001
0000000000000000000000000000000000000001
0000000000000000000000000000000000000001
0000000000000000000000000000000000000001
0000000000000000000000000000000000000001
0000000000000000000000000000000000000001
0000000000000000000000000000000000000001
0000000000000000000000000000000000000001
0000000000000000000000000000000000000001
0000000000000000000000000000000000000001
0000000000000000000000000000000000000001
0000000000000000000000000000000000000001
0000000000000000000000000000000000000001
0000000000000000000000000000000000000001
0000000000000000000000000000000000000001
0000000000000000000000000000000000000001
0000000000000000000000000000000000000001
0000000000000000000000000000000000000001
0000000000000000000000000000000000000001
0000000000000000000000000000000000000001
0000000000000000000000000000000000000001
0000000000000000000000000000000000000001
0000000000000000000000000000000000000001
0000000000000000000000000000000000000001
0000000000000000000000000000000000000001
0000000000000000000000000000000000000001
0000000000000000000000000000000000000001
0000000000000000000000000000000000000001
0000000000000000000000000000000000000001
0000000000000000000000000000000000000001
0000000000000000000000000000000000000001
0000000000000000000000000000000000000001
0000000000000000000000000000000000000001
0000000000000000000000000000000000000001
0000000000000000000000000000000000000001
0000000000000000000000000000000000000001
0000000000000000000000000000000000000001
0000000000000000000000000000000000000001
0000000000000000000000000000000000000001
0000000000000000000000000000000000000001
0000000000000000000000000000000000000001
0000000000000000000000000000000000000001
0000000000000000000000000000000000000001
0000000000000000000000000000000000000001
0000000000000000000000000000000000000001
0000000000000000000000000000000000000001
0000000000000000000000000000000000000001
0000000000000000000000000000000000000001
0000000000000000000000000000000000000001
0000000000000000000000000000000000000001
0000000000000000000000000000000000000001
0000000000000000000000000000000000000001
0000000000000000000000000000000000000001
0000000000000000000000000000000000000001
0000000000000000000000000000000000000001
0000000000000000000000000000000000000001
0000000000000000000000000000000000000001
0000000000000000000000000000000000000001
0000000000000000000000000000000000000001
0000000000000000000000000000000000000001
0000000000000000000000000000000000000001
0000000000000000000000000000000000000001
0000000000000000000000000000000000000001
0000000000000000000000000000000000000001
0000000000000000000000000000000000000001
0000000000000000000000000000000000000001
0000000000000000000000000000000000000001
0000000000000000000000000000000000000001
0000000000000000000000000000000000000001
0000000000000000000000000000000000000001
0000000000000000000000000000000000000001
0000000000000000000000000000000000000001
0000000000000000000000000000000000000001
0000000000000000000000000000000000000001
0000000000000000000000000000000000000001
0000000000000000000000000000000000000001
0000000000000000000000000000000000000001
0000000000000000000000000000000000000001
0000000000000000000000000000000000000001
0000000000000000000000000000000000000001
0000000000000000000000000000000000000001
0000000000000000000000000000000000000001
0000000000000000000000000000000000000001
0000000000000000000000000000000000000001
0000000000000000000000000000000000000001
0000000000000000000000000000000000000001
0000000000000000000000000000000000000001
0000000000000000000000000000000000000001
0000000000000000000000000000000000000001
0000000000000000000000000000000000000001
0000000000000000000000000000000000000001
0000000000000000000000000000000000000001
0000000000000000000000000000000000000001
0000000000000000000000000000000000000001
0000000000000000000000000000000000000001
0000000000000000000000000000000000000001
0000000000000000000000000000000000000001
0000000000000000000000000000000000000001
0000000000000000000000000000000000000001
0000000000000000000000000000000000000001
0000000000000000000000000000000000000001
0000000000000000000000000000000000000001
0000000000000000000000000000000000000001
0000000000000000000000000000000000000001
0000000000000000000000000000000000000001
0000000000000000000000000000000000000001
0000000000000000000000000000000000000001
0000000000000000000000000000000000000001
0000000000000000000000000000000000000001
0000000000000000000000000000000000000001
